2 3 4 5 6 7 8 9 10
9 6 11 5 8 10 1 13 4 0 3 7 15 12 17 18 14 19 2 16 
5 10 3 12 4 7 11 0 17 18 8 9 6 1 14 15 16 13 2 19 
15 10 8 1 12 4 14 18 3 6 7 16 2 17 5 0 13 11 9 19 
2 9 6 8 15 13 17 7 11 1 14 10 18 4 0 16 12 5 19 3 
8 4 3 16 13 6 12 14 10 15 17 18 2 5 1 7 11 0 9 19 
6 19 14 3 18 2 11 5 1 10 7 0 8 9 4 17 12 16 13 15 
14 4 1 11 19 7 2 12 8 5 9 15 18 17 0 3 13 10 16 6 
9 8 6 5 4 0 1 12 7 14 16 17 10 11 15 19 18 13 2 3 
1 10 2 13 5 19 15 14 7 8 0 17 12 6 11 9 18 4 16 3 
15 9 16 1 18 11 3 19 10 4 0 6 17 2 5 8 12 7 14 13 
15 13 14 18 17 12 3 16 8 1 11 4 9 0 5 7 6 10 19 2 
6 10 3 19 1 13 0 15 16 14 18 12 17 7 9 5 4 8 11 2 
2 1 6 16 10 17 19 11 12 4 18 0 5 13 15 8 7 14 9 3 
11 16 17 9 8 13 3 12 7 0 2 18 5 4 1 10 14 6 15 19 
3 8 7 10 15 9 16 13 0 19 11 6 18 14 12 17 4 2 1 5 
5 15 11 12 18 7 8 4 13 17 14 0 19 10 1 16 6 2 9 3 
1 11 12 8 19 13 16 2 14 10 9 4 15 6 3 7 0 17 5 18 
2 13 15 12 0 16 17 11 8 9 10 5 14 3 1 7 6 18 19 4 
9 4 19 18 10 3 13 16 12 17 8 2 11 15 6 0 5 14 1 7 
1 17 0 7 16 6 4 10 15 13 19 3 8 11 2 9 12 18 5 14 
