1 1 1 1 2 2 3 3 3 2 2 3 3 3 2 2 3 3 3 3 3
0 1 11 0 1 1 2 3 4 5 
2 4 6 1 1 0 2 3 4 5 
0 2 10 0 1 0 1 3 4 5 
2 2 8 1 0 0 1 2 4 5 
2 8 2 1 1 0 1 2 3 5 
3 9 0 0 0 0 1 2 3 4 
10 1 1 1 0 0 1 2 3 4 
9 3 0 1 1 8 9 10 11 12
8 1 3 0 0 7 9 10 11 12
9 0 3 1 1 7 8 10 11 12
8 4 0 1 0 7 8 9 11 12
12 0 0 1 1 7 8 9 10 12
6 6 0 1 1 7 8 9 10 11
12 0 0 0 1 7 8 9 10 11
8 0 4 1 0 7 8 9 10 11
11 1 0 0 1 7 8 9 10 11
9 2 1 0 1 7 8 9 10 11
10 2 0 0 1 7 8 9 10 11
4 3 5 0 0 7 8 9 10 11
7 4 1 0 1 20 21 22 23 24
8 1 3 0 1 19 21 22 23 24
8 2 2 0 1 19 20 22 23 24
12 0 0 1 0 19 20 21 23 24
5 1 6 0 1 19 20 21 22 24
2 2 8 1 1 19 20 21 22 23
10 2 0 0 0 19 20 21 22 23
4 7 1 0 1 19 20 21 22 23
1 7 4 0 0 19 20 21 22 23
1 9 2 0 1 19 20 21 22 23
2 9 1 1 0 19 20 21 22 23
2 9 1 0 1 19 20 21 22 23
10 0 2 0 0 19 20 21 22 23
9 3 0 0 0 33 34 35 36 37
9 1 2 1 0 32 34 35 36 37
4 3 5 0 1 32 33 35 36 37
6 0 6 0 0 32 33 34 36 37
2 4 6 0 0 32 33 34 35 37
0 11 1 0 0 32 33 34 35 36
6 3 3 0 0 32 33 34 35 36
4 7 1 0 0 32 33 34 35 36
10 1 1 1 0 32 33 34 35 36
10 0 2 1 0 32 33 34 35 36
0 8 4 0 1 32 33 34 35 36
8 1 3 0 1 32 33 34 35 36
12 0 0 0 1 32 33 34 35 36
10 2 0 0 1 32 33 34 35 36
